69,70
70,71
71,72
72,73
73,74
74,75
80,81
81,82
90,91
91,92
99,98
98,100
100,97
101,102
102,103
104,105
105,106
107,108
108,109
114,115
115,116
116,117
118,119
119,120
120,121
135,136
136,137
137,139
140,141
141,142
142,143
144,175
145,146
146,159
159,160
160,161
161,162
166,167
167,168
168,302
169,170
170,171
171,172
172,173
173,174
176,177
177,178
179,180
180,181
189,190
190,191
191,192
192,193
193,194
195,257
257,279
279,298
298,299
299,300
300,301
196,197
197,198
198,199
200,201
201,202
203,204
204,205
207,208
208,209
209,210
211,212
212,213
214,215
215,216
217,218
218,219
219,220
221,222
222,223
228,229
230,231
231,232
232,233
233,234
234,235
243,244
244,245
245,246
261,263
263,267
267,268
268,276
276,278
278,303
303,361
361,623
280,281
282,283
283,284
288,289
289,290
290,291
291,292
292,293
293,294
294,295
295,296
296,297
304,305
305,306
306,307
307,308
313,314
314,315
316,420
420,423
323,324
324,325
325,326
356,357
357,358
358,360
362,412
412,413
365,422
371,368
368,383
383,386
374,381
381,385
382,379
379,416
416,380
387,399
399,418
418,419
389,578
578,427
427,431
431,432
390,391
391,392
400,588
588,591
591,597
597,598
598,601
601,602
602,607
401,589
589,600
600,492
492,493
493,612
402,403
403,404
406,407
407,409
409,410
410,414
414,415
417,472
472,444
444,445
421,426
426,434
424,433
433,442
425,428
428,429
438,439
439,440
446,447
447,448
449,450
450,451
452,453
454,455
455,456
456,457
457,458
459,461
461,462
462,463
464,465
465,466
466,467
468,469
469,470
470,471
473,474
475,476
476,491
477,608
608,610
610,611
494,495
495,496
497,498
499,501
501,502
502,503
503,504
505,506
506,507
509,514
514,518
511,512
512,513
519,520
520,532
532,573
573,574
574,533
521,522
522,523
523,524
524,525
525,526
527,528
528,529
529,530
530,531
536,537
537,538
538,539
539,540
547,548
548,549
549,551
551,553
553,554
550,552
562,563
563,564
580,581
581,582
582,583
583,584
592,593
594,595
621,629
635,636
636,637
639,658
658,660
660,661
650,651
651,653
654,662
662,663
683,684
684,687
687,700
686,697
697,698
705,706
706,719
866,707
707,708
708,710
722,723
723,774
773,775
775,779
776,780
780,781
782,785
785,791
784,805
805,806
792,793
793,796
794,795
795,801
867,803
854,942
868,869
874,1087
1087,1105
1105,1096
878,879
879,880
893,930
930,929
929,932
936,939
937,938
940,941
967,968
968,1401
969,977
977,978
975,972
972,973
976,980
980,990
990,991
979,982
982,1294
983,989
1012,1017
1017,1018
1018,1023
1013,1014
1014,1015
1015,1016
1061,1106
1106,1107
1107,1108
1082,1083
1088,1094
1094,1095
1095,1097
1098,1099
1118,1113
1113,1114
1114,1115
1125,1126
1126,1133
1133,1132
1132,1131
1131,1130
1130,1129
1129,1128
1128,1127
1158,1176
1176,1177
1163,1203
1203,1204
1178,1179
1179,1181
1181,1182
1193,1199
1199,1200
1198,1201
1201,1202
1235,1236
1243,1245
1245,1242
1242,1246
1246,1244
1257,1259
1259,1260
1261,1316
1316,1402
1301,1303
1303,1304
1305,1306
1306,1317
1313,1315
1315,1314
1314,1312
1328,1329
1329,1330
1330,1331
1336,1338
1351,1352
1353,1354
1354,1355
1355,1356
1356,1357
1359,1361
1369,1362
1362,1541
1373,1374
1375,1376
1383,1382
1384,1385
1385,1386
1396,1399
1399,1400
1406,1407
1407,1408
1410,1411
1411,1412
1416,1417
1417,1418
1425,1426
1426,1427
1427,1428
1428,1429
1440,1441
1441,1447
1448,1449
1449,1457
1458,1462
1462,1464
1464,1465
1467,1472
1474,1475
1475,1476
1477,1478
1478,1479
1479,1480
1481,1482
1482,1483
1495,1498
1498,1501
1501,1505
1497,1562
1562,1563
1563,1564
1500,1531
1502,1503
1503,1504
1526,1527
1527,1528
1528,1529
1543,1544
1544,1545
1546,1547
1547,1548
1548,1549
1550,1552
1552,1553
1553,1551
1555,1556
1556,1557
1558,1559
1559,1560
1560,1561
1566,1788
1788,1816
1577,1578
1578,1579
1579,1581
1581,1580
1586,1587
1587,1588
1588,1599
1602,1603
1603,1604
1604,1605
1613,1614
1614,1615
1619,1716
1716,1765
1687,1688
1688,1689
1689,1690
1692,1694
1694,1695
1697,1698
1698,1699
1701,1700
1700,1702
1702,1703
1703,1704
1705,1707
1707,1708
1708,1710
1714,1812
1812,1813
1778,1782
1782,1783
1783,1784
1784,1817
1790,1791
1793,1794
1794,1795
1798,1799
1799,1800
1800,1823
1830,1801
1801,1802
1802,1803
1803,1804
1807,1808
1808,1809
1822,1862
1832,1833
1834,1835
1835,1837
1837,1841
1838,1839
1839,1842
1842,1840
1840,2630
1843,1844
1844,1845
1845,1846
1861,1873
1864,1879
1879,1880
1880,1881
1867,1872
1868,1869
1869,1870
1870,1939
1904,1907
1907,1908
1914,1919
1919,1926
1926,1928
1932,1935
1935,1936
1937,1953
1940,1944
1944,1946
1946,1947
1947,1952
1962,1963
1963,2494
1964,1972
1972,1975
1965,2792
2792,1967
1967,2793
2793,1983
1983,2794
1979,1981
1981,1980
1986,1987
1987,1988
1989,1990
1990,1991
1998,2863
2863,2871
2871,2018
2018,2880
2880,2881
2881,2043
2012,2017
2017,2042
2042,2044
2044,2045
2045,2046
2046,2047
2047,2048
2049,2051
2051,2058
2058,2062
2062,2068
2068,2069
2069,2070
2059,2944
2944,2061
2061,2945
2945,2946
2064,2065
2065,2066
2072,2197
2197,2198
2074,2090
2090,2092
2092,2093
2093,2094
2100,2102
2103,2104
2104,2105
2105,2106
2107,2110
2110,2114
2113,2140
2140,2141
2141,2170
2170,2172
2172,2191
2115,2116
2116,2119
2117,2118
2120,2121
2121,2139
2122,2123
2123,2124
2128,2988
2988,2273
2273,3034
3034,3035
3035,2351
2351,2361
2361,3078
3078,2363
2144,2153
2153,2155
2146,2234
2234,2237
2237,2238
2171,2149
2149,2148
2148,2150
2150,2151
2156,2166
2166,2169
2169,2165
2165,2167
2167,2168
2157,2158
2158,2159
2159,2160
2160,2161
2161,2162
2175,2193
2193,2221
2221,2268
2268,2274
2274,2276
2176,2177
2177,2178
2178,2179
2180,2181
2185,2186
2186,2187
2187,2188
2188,2190
2192,2194
2194,2201
2201,2203
2203,2206
2206,2207
2200,2199
2199,2202
2202,2204
2208,2223
2223,2211
2211,2216
2209,2212
2212,2213
2213,2214
2214,2215
2217,2219
2219,2220
2220,2222
2218,2283
2283,2286
2286,2293
2293,2294
2294,2304
2304,2306
2306,2308
2224,2225
2225,2226
2226,2227
2227,2228
2229,2230
2230,2231
2231,2232
2232,2233
2240,2244
2244,2254
2254,2260
2260,2263
2263,2272
2272,2277
2241,2243
2243,2245
2245,2246
2246,2253
2258,2487
2487,2496
2262,2265
2265,2266
2264,2287
2287,2406
2269,2270
2270,2469
2469,2271
2271,2275
2275,2388
2388,2472
2472,2761
2284,2285
2285,2292
2292,2295
2311,2302
2350,2352
2352,2345
2349,2357
2357,2359
2359,2364
2364,2367
2362,2360
2360,2356
2368,2369
2369,2370
2370,2371
2372,2373
2373,2374
2374,2375
2376,2377
2377,2378
2378,2379
2380,3134
3134,2387
2389,2390
2390,2394
2394,2395
2397,2405
2405,2419
2419,2422
2422,2423
2423,2428
2398,2454
2454,2457
2399,2401
2401,2402
2402,2404
2479,2400
2400,2403
2415,2416
2416,2417
2417,2418
2445,2447
2447,2488
2488,2489
2489,2492
2451,2452
2452,2453
2462,2463
2463,2567
2567,2702
2470,2473
2473,2477
2476,2497
2497,2517
2478,2482
2482,2483
2483,2484
2484,2485
2511,2570
2570,2571
2514,2515
2515,2512
2521,2520
2520,2530
2525,2537
2537,2572
2572,2575
2575,2577
2577,2578
2578,2582
2531,2538
2538,2627
2627,2628
2628,2629
2535,2546
2546,2573
2541,2542
2543,2545
2545,2566
2559,2560
2560,2563
2563,2564
2569,2574
2574,2579
2632,2634
2634,2656
2636,2652
2652,2660
2647,2642
2642,2643
2643,2646
2646,2644
2645,2648
2654,2649
2649,2651
2651,2655
2655,2653
2653,2650
2659,2926
2926,2925
2925,3262
3262,3263
3263,2951
2951,2961
2961,2962
2661,2662
2662,2663
2663,2664
2665,2769
2769,2675
2675,2772
2772,2727
2668,2669
2669,2699
2671,2672
2672,2673
2673,2674
2677,2678
2678,2679
2679,2680
2680,2681
2681,2682
2682,2683
2683,2684
2684,2685
2685,2686
2687,2688
2688,3059
3059,2689
2690,2691
2691,3053
3053,2692
2693,2694
2694,2695
2696,2697
2697,2928
2928,2698
2703,2705
2705,2706
2706,2714
2714,2715
2715,2717
2704,2707
2718,2724
2723,2733
2725,2726
2726,2728
2728,2729
2745,2738
2738,2739
2739,2758
2758,2759
2765,2773
2773,2779
2779,2800
2768,2770
2770,2771
2774,2775
2777,2776
2778,2780
2780,2809
2809,2810
2810,2811
2812,2813
2813,2814
2814,2815
2815,2816
2823,2824
2824,2825
2825,2826
2826,2827
2832,2837
2837,2838
2838,2857
2857,2858
2833,2841
2841,2845
2845,2847
2847,2853
2853,2855
2840,2848
2848,2849
2849,2850
2850,2852
2852,2851
2851,2856
2859,2888
2888,2889
2889,2895
2895,2921
2873,2874
2874,2876
2876,2870
2870,2875
2879,2885
2885,2882
2892,2893
2893,2894
2896,2897
2897,2898
2899,2900
2900,2901
2903,2904
2904,2905
2906,2907
2907,2908
2908,2909
2910,2911
2911,2912
2913,2914
2914,2915
2919,2920
2922,2923
2958,2959
2959,3027
2964,2963
2963,3084
3084,3085
3085,3193
2965,2966
2967,2968
2969,2970
2971,2972
2973,2974
2980,2981
2982,2983
2984,2985
2986,2987
2989,3016
3001,3000
3004,3005
3005,3013
3019,3044
3023,3024
3024,3025
3030,3036
3036,3041
3037,3038
3039,3040
3049,3050
3050,3051
3063,3076
3076,3073
3070,3071
3071,3072
3077,3079
3079,3082
3081,3083
3092,3093
3093,3094
3235,3096
3096,3097
3106,3105
3105,3107
3110,3111
3111,3113
3114,3115
3115,3116
3117,3118
3118,3122
3124,3246
3246,3249
3143,3144
3144,3145
3145,3149
3149,3150
3155,3176
3176,3206
3158,3159
3159,3253
3166,3170
3170,3171
3182,3177
3177,3183
3185,3189
3189,3190
3190,3191
3194,3197
3197,3432
3432,3452
3452,3463
3463,3571
3571,3575
3215,3216
3216,3217
3232,3234
3237,3238
3238,3239
3241,3252
3252,3260
3254,3255
3255,3257
3258,3287
3287,3301
3301,3288
3288,3302
3302,3291
3291,3303
3303,3289
3261,3275
3275,3281
3264,3265
3265,3266
3266,3267
3269,3268
3268,3276
3276,3279
3272,3273
3273,3293
3293,3294
3283,3284
3284,3285
3300,3311
3311,3312
3312,3313
3314,3332
3332,3334
3334,3335
3335,3337
3321,3339
3339,3354
3322,3324
3324,3325
3325,3326
3326,3327
3328,3342
3342,3343
3343,3345
3329,3330
3330,3331
3336,3405
3405,3410
3344,3346
3346,3349
3349,3351
3347,3350
3350,3352
3352,3353
3353,3355
3355,3356
3356,3357
3357,3358
3362,3365
3365,3379
3363,3368
3368,3369
3369,3370
3370,3378
3371,3372
3372,3373
3373,3374
3374,3375
3375,3376
3382,3385
3385,3402
3402,3399
3399,3401
3401,3400
3386,3415
3415,3419
3419,3424
3424,3425
3389,3392
3392,3398
3393,3394
3394,3395
3395,3396
3396,3397
3404,3426
3426,3427
3411,3413
3413,3417
3412,3433
3433,3434
3434,3435
3421,3422
3422,3423
3428,3460
3429,3431
3436,3437
3437,3438
3440,3441
3441,3444
3446,3447
3447,3453
3453,3455
3455,3456
3450,3451
3461,3468
3468,3470
3462,3466
3469,3471
3471,3472
3472,3478
3476,3477
3477,3481
3480,3550
3550,3557
3482,3483
3483,3484
3486,3487
3487,3489
3489,3488
3490,3491
3491,3492
3495,3496
3496,3497
3501,3502
3502,3517
3503,3513
3513,3514
3514,3515
3515,3516
3516,3518
3518,3519
3509,3510
3510,3511
3511,3512
3521,3522
3522,3523
3523,3524
3525,3526
3526,3527
3531,3532
3532,3533
3533,3534
3534,3538
3538,3556
3556,3551
3551,3535
3535,3555
3555,3554
3554,3559
3539,3540
3540,3541
3541,3542
3552,3543
3543,3547
3547,3548
3583,3544
3544,3588
3588,3545
3558,3776
3625,3696
3696,3561
3649,3562
3562,3582
3563,3601
3601,3613
3569,3570
3570,3580
3581,3589
3589,3596
3596,3611
3611,3612
3584,3585
3585,3586
3586,3587
3587,3590
3590,3591
3591,3592
3592,3593
3598,3599
3599,3600
3624,3626
3626,3651
3643,3641
3641,3642
3644,3645
3645,3647
3647,3648
3650,4116
4116,4117
3653,5768
5768,5773
3683,3689
3689,3692
3693,3695
3695,3702
3718,3719
3772,3775
3775,3786
3796,3797
3797,3802
3801,3804
3819,3820
3825,3842
3842,3846
3834,3843
3843,3847
3847,3849
3835,3836
3836,3837
3848,3876
3876,3877
3859,3861
3861,3872
3895,3896
3896,3898
3898,3899
3899,3900
3900,3906
3907,3908
3908,3909
3909,3910
3929,3942
3942,3943
3943,3946
3940,3941
3945,3947
3947,3958
3948,3988
3988,3994
3963,3964
3977,3978
3978,3987
3980,3981
3981,3982
3982,3983
3989,3990
3990,3991
3992,3993
3993,3995
3996,4451
4451,4008
4014,4030
4030,4035
4015,4024
4025,4042
4042,4057
4038,4045
4045,4067
4074,4077
4077,4084
4084,4088
4075,4079
4079,4081
4078,4080
4080,4083
4083,4086
4082,4089
4089,4090
4090,4107
4091,4108
4112,4113
4113,4115
4115,4119
4119,4120
4126,4132
4127,4128
4128,4129
4139,4140
4140,4141
4143,4152
4152,4153
4153,4154
4163,4166
4166,4193
4173,4176
4176,4178
4181,4182
4182,4185
4185,4183
4205,4215
4215,4222
4213,4239
4239,4211
4211,4238
4214,4228
4228,4240
4233,4234
4234,4235
4235,4236
4236,4237
4237,4424
4253,4254
4254,4241
4241,4255
4244,4279
4279,4302
4249,4394
4394,4250
4250,4251
4256,4257
4257,4259
4267,4276
4276,4277
4297,4298
4298,4299
4299,4300
4300,4434
4309,4361
4361,4362
4362,4364
4314,4335
4335,4336
4333,4334
4334,4337
4337,4338
4338,4339
4339,4347
4347,4348
4348,4332
4401,4402
4402,4403
4403,4404
4407,4408
4408,4409
4415,4416
4416,4419
4419,4417
4417,4418
4443,4444
4444,4439
4466,4480
4480,4481
4467,4472
4472,4479
4483,4484
4484,4485
4485,4486
4487,4488
4488,4490
4489,4491
4491,4492
4524,4497
4497,4498
4510,4521
4521,4522
4522,4523
4511,4512
4512,4513
4513,4514
4515,4516
4516,4517
4537,4560
4560,4564
4564,4577
4577,4579
4579,4580
4580,4581
4542,4556
4556,4555
4543,4547
4547,4557
4558,4615
4615,4616
4559,4561
4561,4589
4589,4602
4578,4562
4562,4566
4566,4569
4569,4567
4567,4568
4563,4565
4565,4576
4601,4596
4596,4600
4600,4603
4614,5113
5113,5114
5114,5357
4624,4625
4625,4626
4627,4628
4628,4637
4637,4639
4629,4636
4636,4638
4638,4640
4653,4654
4654,4657
4657,4655
4655,4656
4656,4658
4658,4659
4665,4693
4693,4704
4671,4666
4666,4672
4672,4677
4677,4679
4667,4668
4668,4678
4678,4669
4669,4673
4673,4670
4680,4681
4681,4682
4682,4683
4684,4685
4685,4686
4687,4688
4689,4690
4690,4691
4691,4692
4697,4699
4699,4701
4701,4702
4706,4707
4707,4713
4712,4734
4734,4738
4731,4729
4729,4730
4766,4777
4777,4783
4783,4784
4775,4778
4778,4780
4780,4785
4776,4821
4821,4866
4782,4958
4822,4824
4824,4825
4823,4826
4826,4832
4832,4843
4843,4845
4827,4833
4833,4835
4838,4844
4844,4846
4858,4860
4860,4863
4908,4870
4870,4875
4875,4882
4882,4889
4874,4876
4876,4881
4883,4884
4894,4899
4899,4910
4910,4939
4909,5259
5259,5274
5274,5408
4911,4940
4940,4945
4941,4942
4942,4943
4943,4944
4990,4991
4991,4992
5116,5117
5117,5119
5119,5130
5130,5141
5141,5142
5118,5120
5120,5121
5121,5122
5128,5129
5129,5131
5131,5132
5132,5133
5134,5135
5135,5136
5136,5137
5137,5138
5138,5139
5143,5145
5145,5149
5149,5150
5150,5153
5153,5157
5157,5160
5144,5231
5231,5248
5147,5152
5152,5159
5159,5162
5148,5151
5151,5154
5154,5155
5155,5156
5161,5216
5216,5218
5218,5217
5217,5219
5227,5246
5246,5247
5252,5254
5254,5257
5306,5307
5307,5314
5314,5317
5341,5358
5358,5343
5343,5352
5351,5374
5374,5375
5353,5356
5378,5380
5380,5386
5386,5388
5382,5391
5391,5398
5399,5403
5403,5404
5417,5418
5418,5422
5422,5423
5423,5424
5429,5430
5430,5431
5432,5443
5443,5450
5433,5434
5434,5435
5458,5459
5461,5462
5483,5489
5489,6002
5486,5639
5488,5917
5492,5491
5504,5510
5510,5519
5519,5528
5528,5536
5536,5542
5542,5543
5616,5617
5617,5618
5618,5652
5624,5627
5627,5628
5630,5631
5631,5632
5632,5633
5640,5641
5641,5648
5646,5647
5655,5656
5664,5665
5665,5666
5666,5667
5667,5668
5716,5765
5765,5766
5766,5767
5718,5719
5719,5720
5721,5722
5722,5723
5723,5724
5724,5774
5775,5776
5776,5777
5777,5778
5778,5783
5813,5814
5814,5815
5815,5816
5827,5832
5832,5833
5833,5834
5828,5829
5829,5830
5830,5831
5859,5860
5865,5866
5866,5877
5872,5873
5879,5880
5880,5881
5903,5904
5904,5905
5916,5925
5925,6025
5919,5920
5920,5921
5977,5978
5978,5979
6008,6012
6012,6014
6023,6024
6024,6062
6062,6063
6063,6078
6092,6093
6093,6094
6098,6099
6099,6100
6100,6101
6102,6103
6103,6104
6104,6105
6105,6106
6110,6111
6111,6112
6113,6114
6114,6115
6115,6116
6116,6117
6118,6119
6119,6120
6120,6121
6122,6123
6132,6133
6133,6136
6136,6149
6149,6150
6151,6152
6352,6159
6166,6176
6176,6191
6868,6872
6872,6874
6874,6880
6880,6898
6898,6205
6225,6294
6294,6295
6295,6296
6227,6228
6228,6229
6354,6252
6290,6314
6314,6292
6292,6293
6315,6316
6316,6317
6317,6318
6318,6319
6345,6339
6339,6343
6343,6349
6349,6350
6350,6340
6356,6416
6416,6452
6371,6479
6394,6395
6395,6403
6403,6404
6404,6405
6405,6418
6418,6446
6446,6443
6443,6444
6444,6445
6460,6470
6470,6471
6471,6478
6465,6467
6486,6487
6556,6506
6506,6555
6555,6557
6557,6558
6536,6573
6573,6591
6545,6543
6543,6544
6544,6546
6559,6560
6560,6561
6561,6563
6563,6564
6564,6565
6565,6567
6562,6566
6568,6572
6572,6569
6569,6570
6570,6571
6630,6631
6631,6633
6633,6634
6634,6636
6636,6637
6638,6643
6643,6639
6639,6641
6641,6642
6663,7008
7008,7019
6670,6686
6686,6669
6669,6671
6675,6676
6710,8366
8366,6711
6711,6712
6712,6713
6762,6760
6760,6761
6761,6750
6771,6772
6772,6773
6773,6774
6780,6781
6781,6782
6782,6784
6783,6785
6785,6786
6786,6787
6787,6788
6789,6790
6790,6791
6791,6792
6792,6793
6793,6794
6794,6795
6795,6796
6796,6797
6797,6798
6799,6800
6800,6801
6808,6809
6822,6823
6823,6824
6825,6834
6835,6848
6848,6870
6870,6871
6847,7781
7781,7782
6849,6850
6850,6851
6851,6852
6853,6854
6855,6888
6888,6899
6857,6858
6860,6889
6889,6890
6890,6913
6913,6914
6861,6862
6862,6865
6865,6867
6867,6873
6873,6879
6879,6891
6863,6864
6864,6866
6866,6918
6881,6903
6903,6892
6892,6893
6893,6894
6894,6895
6895,6896
6896,6906
6882,6885
6885,6887
6886,6900
6900,6901
6901,6904
6915,6916
6916,6917
6917,6919
6919,6920
6950,6970
6951,6952
6953,8335
6961,6978
6964,6968
6965,6966
6966,6967
6972,6973
6976,6977
6977,6980
6980,6979
6981,7002
7002,7017
6989,6990
6991,6992
6992,6993
7014,7015
7015,7016
7051,7052
7054,7055
7055,7056
7057,7062
7062,7063
7058,7094
7094,7095
7095,7096
7096,7097
7064,7106
7106,7247
7247,7315
7065,7066
7070,7074
7074,7075
7075,7076
7076,7077
7077,7078
7078,7079
7079,7080
7080,7081
7081,7082
7098,7099
7100,7101
7101,7102
7102,7103
7113,7127
7127,7186
7116,7120
7120,7216
7216,7217
7130,7131
7131,7134
7134,7135
7137,7151
7151,7152
7139,7142
7142,7147
7149,7154
7154,7155
7153,7156
7156,7157
7158,7159
7159,7165
7163,7164
7200,7201
7201,7202
7202,7203
7203,7204
7204,7205
7205,7206
7211,7244
7244,7245
7245,7246
7218,7219
7220,7263
7222,7228
7228,7229
7225,7352
7230,7231
7235,7236
7241,7242
7242,7243
7248,7264
7249,7429
7256,7257
7257,7258
7258,7259
7260,7261
7265,7275
7275,7318
7276,7277
7277,7278
7278,7279
7279,7280
7281,7282
7282,7283
7283,7284
7323,7324
7324,7326
7326,7327
7329,7335
7335,7373
7339,7356
7356,7385
7345,7381
7381,7418
7418,7475
7437,7438
7431,7432
7432,7434
7434,7435
7435,7436
7442,7443
7446,7503
7465,7466
7466,7467
7467,7468
7479,7480
7480,7481
7481,7482
7482,7483
7483,7484
7484,7485
7485,7486
7486,7487
7487,7488
7488,7489
7489,7490
7566,7578
7578,7600
7579,7581
7581,7583
7585,7586
7586,7587
7587,7588
7589,7591
7591,7592
7592,7593
7642,7605
7618,7619
7619,7644
7644,7670
7620,7622
7622,7626
7621,7780
7643,7637
7637,7638
7647,7648
7648,7651
7651,7652
7652,7653
7657,7658
7673,7674
7674,7675
7675,7676
7720,7729
7729,7747
7747,7749
7749,7750
7722,7721
7721,7735
7735,7751
7751,7752
7723,7726
7726,7727
7725,7951
7951,7969
7969,7970
7970,7978
7738,7753
7753,7755
7786,7787
7787,7789
7789,7790
7816,7817
7817,7818
7818,7819
7834,7835
7835,7836
7836,7837
7839,7840
7840,7841
7842,7947
7947,7948
7880,7881
7881,7883
7883,7884
7884,7885
7891,7892
7892,7894
7894,7896
7896,7898
7898,7900
7900,7912
7899,7903
7903,7905
7901,7909
7902,7963
7904,7906
7906,7907
7907,7908
7910,7934
7934,7937
7937,8037
7936,7952
7952,7955
7955,7956
7938,7939
7939,7940
7940,7941
7957,7953
7967,7971
7971,7979
7979,7983
8029,8019
8019,7968
8024,8023
8023,7986
7986,7997
7988,7989
7990,7991
7991,7992
7993,7994
7994,7995
8021,8045
8032,8033
8034,8035
8050,8051
8074,8075
8075,8076
8081,8082
8082,8083
8101,8103
8114,8115
8115,8117
8123,8124
8128,8129
8129,8130
8132,8133
8133,8134
8135,8155
8155,8156
8156,8162
8162,8167
8140,8141
8141,8142
8142,8143
8147,8274
8274,8184
8161,8188
8188,8170
8170,8179
8179,8186
8169,8190
8190,8191
8191,8192
8192,8193
8185,8187
8187,8194
8205,8257
8257,8219
8219,8189
8204,8336
8208,8209
8209,8211
8211,8212
8212,8213
8214,8218
8215,8216
8221,8222
8225,8226
8227,8228
8235,8236
8258,8259
8259,8270
8260,8261
8261,8262
8262,8263
8331,8333
8333,8332
8332,8334
8342,8365
8365,8369
8345,8346
8346,8347
8347,8348
8349,8350
8350,8351
8363,8364
8379,8383
8383,8382
8388,8389
8389,8390
8398,8399
8404,8416
8416,8442
8442,8446
8446,8431
8431,8428
8428,8430
8430,8425
8425,8422
8405,8407
8434,8435
8450,8525
8525,8524
8455,8518
8518,8528
8461,8491
8478,8479
8479,8480
8480,8894
8502,8503
8503,8504
8504,8505
8505,8506
8522,8526
8526,8527
8527,8530
8530,8555
8531,8536
8536,8537
8537,8542
8542,8549
8544,8545
8548,8984
8984,9017
8977,8550
8550,8592
8556,8562
8562,8557
8557,8558
8558,8559
8563,8565
8565,8578
8578,8947
8566,8567
8567,8568
8568,8569
8570,8571
8571,8572
8573,8574
8574,8575
8575,8576
8579,8681
8681,8580
8580,8581
8584,8585
8585,8586
8587,8588
8588,8589
8589,8694
8590,8593
8658,8985
8660,8670
8670,8676
8676,8721
8721,8741
8741,8929
8700,8708
8708,8713
8727,8730
8730,8731
8731,8736
8736,8745
8729,8746
8746,8805
8805,8841
8841,8861
8861,8890
8840,8799
8799,8813
8813,8814
8862,8863
8863,8842
8847,8848
8897,8900
8903,8916
8932,8933
8933,8934
8934,8935
8935,8936
8936,8937
8937,8938
8939,8940
8940,8941
8941,8942
8942,8943
8943,8944
8944,8945
8945,8946
8948,8960
8957,8958
8983,8980
8980,8981
8981,8982
8989,8990
8990,8991
8991,9018
9018,9024
9031,9032
9032,9033
9036,9039
9039,9035
9037,9038
9038,9040
9040,9042
9042,9043
9043,9055
9055,9056
9050,9051
9051,9052
9064,9190
9214,9215
9236,9264
9276,9277
9277,9283
9283,9300
9329,9337
9337,9344
9345,9347
9347,9358
9358,9391
9391,9394
9385,9387
9722,9723
9723,9725
9725,9726
10107,9762
9762,9770
9765,10150
9766,9777
9773,10153
10153,10154
9787,9790
9790,9809
9804,9812
9808,10174
9821,9833
9833,9860
9822,10108
9824,9835
9835,9836
9836,9837
9837,9838
9838,9839
9839,9840
9840,9841
10176,9827
9827,10177
9872,9880
9881,9887
9887,9900
9890,9892
9892,9894
9894,9914
9903,9904
9904,9905
9905,9906
9906,9907
10183,10184
10184,9921
9923,9924
9924,9926
9926,9928
9928,9929
9929,9934
10002,10004
10004,10008
10008,10012
10012,10020
10020,10022
10022,10030
10088,10089
10119,10120
10148,10332
10332,10334
10334,10358
10358,10361
10155,10187
10175,10343
10343,10172
10172,10173
10269,10294
10290,10306
10306,10309
10309,10339
10339,10458
10458,10603
10603,10626
10378,10379
10379,10380
10380,10382
10382,10383
10383,10384
10384,10385
10426,10427
10463,10465
10466,10468
10468,10467
10469,10470
10470,10471
10672,10675
10715,10754
10736,10741
10741,10737
10737,10738
10755,10756
10756,10757
10983,11294
10984,10985
10985,10986
10997,10998
10998,10999
10999,11000
11000,11001
11001,11002
11017,11018
11031,11032
11032,11033
11065,11067
11067,11068
11068,11069
11069,11070
11070,11071
11132,11133
11133,11137
11137,11135
11135,11138
11138,11302
11191,11192
11192,11194
11194,11253
11253,11254
11254,11255
11261,11512
11512,11513
11513,11519
11519,11520
11314,11303
11303,11304
11304,11305
11316,11317
11317,11318
11318,11319
11343,11344
11344,11345
11345,11346
11435,11436
11449,11451
11451,11452
11452,11453
11461,11466
11466,11482
11482,11497
11497,11542
11548,11549
11549,11553
11553,11551
11551,11552
11576,11582
11582,11583
11599,11600
11600,11606
11651,11652
11669,11671
11671,11672
11672,11673
11673,11674
11674,11689
11687,11703
11790,11791
11791,11792
11938,11943
11943,11958
12057,12058
12058,12059
12071,12072
12078,12079
12079,12080
12080,12081
12082,12083
12083,12084
12085,12086
12086,12087
12087,12088
12090,12091
12091,12092
12096,12097
12097,12098
12098,12099
12124,12125
12125,12126
12126,12127
12486,12487
12487,12488
12489,12490
12490,12491
12491,12492
12493,12494
12494,12495
12495,12496
12517,12518
12518,12519
12619,12620
13346,13347
13347,13348
13349,13350
13350,13351
13352,13353
13353,13354
13355,13356
13356,13357
13357,13358
13358,13359
13360,13361
13361,13362
13362,13363
13364,13365
13365,13366
13367,13368
13368,13369
13370,13371
13371,13372
13373,13374
13374,13375
13379,13380
13380,13381
13382,13383
13383,13384
13385,13386
13386,13387
13387,13388
13389,13390
13390,13391
14259,14260
14260,14262
14309,14310
14338,14339
14339,14340
14355,14356
14356,14357
14358,14359
14359,14360
14360,14361
14368,14369
14369,14370
15259,15261
15261,15267
15267,15257
15422,15423
15423,15424
15424,15425
15425,15426
15426,15427
15427,15428
15428,15429
15430,15431
15431,15432
15432,15433
15433,15434
15434,15435
15435,15436
15437,15438
15438,15439
15439,15440
15440,15441
15441,15442
15443,15444
15444,15445
15445,15446
15446,15447
15447,15448
15449,15450
15450,15451
15451,15452
15452,15453
15453,15454
15454,15455
15455,15456
15457,15458
15458,15459
15459,15460
15460,15461
15462,15463
15463,15464
15464,15465
15466,15467
15467,15468
15468,15469
15469,15470
15470,15471
15472,15473
15473,15474
15474,15475
15475,15476
15477,15478
15478,15479
15479,15480
15480,15481
15481,15482
15482,15483
15483,15485
15487,15488
15488,15489
15489,15490
15490,15491
15491,15492
15492,15493
15494,15495
15495,15496
15496,15497
15497,15498
15498,15499
15499,15500
15500,15501
15502,15503
16541,16543
16543,16545
16549,16551
16551,16552
16552,16554
16556,16557
16557,16558
16559,16560
16560,16561
16561,16562
16565,16566
16566,16567
16567,16568
16570,16572
16572,16575
16575,16577
16577,16578
16624,16625
16625,16626
16659,16660
16660,16661
21109,21110
21110,19349
19349,21114
21114,20652
20652,21065
21065,21124
21124,21128
21128,21157
21157,21136
21136,21158
21158,21159
19837,19838
19838,19839
19839,19840
19841,19842
19842,19843
19844,19845
19845,19846
19846,19847
19847,19848
20177,20105
21508,21509
21509,21518
